10001	20001	40001
10001	20001	40002
10001	20002	40003
10001	20002	40004
10002	20003	40005
10002	20003	40006
10002	20004	40007
10002	20004	40008
10003	20005	40009
10003	20005	40010
10003	20006	40011
10003	20006	40012
10004	20007	40013
10004	20007	40014
10004	20008	40015
10004	20008	40016
10005	20009	40017
10005	20009	40018
10005	20010	40019
10005	20010	40020
10006	20011	40021
10006	20011	40022
10006	20012	40023
10006	20012	40024
10007	20013	40025
10007	20013	40026
10007	20014	40027
10007	20014	40028
10008	20015	40029
10008	20015	40030
10008	20016	40031
10008	20016	40032
10009	20017	40033
10009	20017	40034
10009	20018	40035
10009	20018	40036
10010	20019	40037
10010	20019	40038
10010	20020	40039
10010	20020	40040
10011	20021	40041
10011	20021	40042
10011	20022	40043
10011	20022	40044
10012	20023	40045
10012	20023	40046
10012	20024	40047
10012	20024	40048
10013	20025	40049
10013	20025	40050
10013	20026	40051
10013	20026	40052
10014	20027	40053
10014	20027	40054
10014	20028	40055
10014	20028	40056
10015	20029	40057
10015	20029	40058
10015	20030	40059
10015	20030	40060
10016	20031	40061
10016	20031	40062
10016	20032	40063
10016	20032	40064
10017	20033	40065
10017	20033	40066
10017	20034	40067
10017	20034	40068
10018	20035	40069
10018	20035	40070
10018	20036	40071
10018	20036	40072
10019	20037	40073
10019	20037	40074
10019	20038	40075
10019	20038	40076
10020	20039	40077
10020	20039	40078
10020	20040	40079
10020	20040	40080
10021	20041	40081
10021	20041	40082
10021	20042	40083
10021	20042	40084
10022	20043	40085
10022	20043	40086
10022	20044	40087
10022	20044	40088
10023	20045	40089
10023	20045	40090
10023	20046	40091
10023	20046	40092
10024	20047	40093
10024	20047	40094
10024	20048	40095
10024	20048	40096
10025	20049	40097
10025	20049	40098
10025	20050	40099
10025	20050	40100
10026	20051	40101
10026	20051	40102
10026	20052	40103
10026	20052	40104
10027	20053	40105
10027	20053	40106
10027	20054	40107
10027	20054	40108
10028	20055	40109
10028	20055	40110
10028	20056	40111
10028	20056	40112
10029	20057	40113
10029	20057	40114
10029	20058	40115
10029	20058	40116
10030	20059	40117
10030	20059	40118
10030	20060	40119
10030	20060	40120
10031	20061	40121
10031	20061	40122
10031	20062	40123
10031	20062	40124
10032	20063	40125
10032	20063	40126
10032	20064	40127
10032	20064	40128
10033	20065	40129
10033	20065	40130
10033	20066	40131
10033	20066	40132
10034	20067	40133
10034	20067	40134
10034	20068	40135
10034	20068	40136
10035	20069	40137
10035	20069	40138
10035	20070	40139
10035	20070	40140
10036	20071	40141
10036	20071	40142
10036	20072	40143
10036	20072	40144
10037	20073	40145
10037	20073	40146
10037	20074	40147
10037	20074	40148
10038	20075	40149
10038	20075	40150
10038	20076	40151
10038	20076	40152
10039	20077	40153
10039	20077	40154
10039	20078	40155
10039	20078	40156
10040	20079	40157
10040	20079	40158
10040	20080	40159
10040	20080	40160
10041	20081	40161
10041	20081	40162
10041	20082	40163
10041	20082	40164
10042	20083	40165
10042	20083	40166
10042	20084	40167
10042	20084	40168
10043	20085	40169
10043	20085	40170
10043	20086	40171
10043	20086	40172
10044	20087	40173
10044	20087	40174
10044	20088	40175
10044	20088	40176
10045	20089	40177
10045	20089	40178
10045	20090	40179
10045	20090	40180
10046	20091	40181
10046	20091	40182
10046	20092	40183
10046	20092	40184
10047	20093	40185
10047	20093	40186
10047	20094	40187
10047	20094	40188
10048	20095	40189
10048	20095	40190
10048	20096	40191
10048	20096	40192
10049	20097	40193
10049	20097	40194
10049	20098	40195
10049	20098	40196
10050	20099	40197
10050	20099	40198
10050	20100	40199
10050	20100	40200
10051	20101	40201
10051	20101	40202
10051	20102	40203
10051	20102	40204
10052	20103	40205
10052	20103	40206
10052	20104	40207
10052	20104	40208
10053	20105	40209
10053	20105	40210
10053	20106	40211
10053	20106	40212
10054	20107	40213
10054	20107	40214
10054	20108	40215
10054	20108	40216
10055	20109	40217
10055	20109	40218
10055	20110	40219
10055	20110	40220
10056	20111	40221
10056	20111	40222
10056	20112	40223
10056	20112	40224
10057	20113	40225
10057	20113	40226
10057	20114	40227
10057	20114	40228
10058	20115	40229
10058	20115	40230
10058	20116	40231
10058	20116	40232
10059	20117	40233
10059	20117	40234
10059	20118	40235
10059	20118	40236
10060	20119	40237
10060	20119	40238
10060	20120	40239
10060	20120	40240